# values original problem, with answer in the input and reduced rules
#1, -2, 1, -1, 4, 7, 2, -1, -8, 7, 1, 6, -6, 6, -2, 0, 2, 0, -7, 4, 5, -2, -6, 1, 7, 3, 3, 2, -8, 2, 2, 1, -1, 3, 3, -4
-4,  2,  1,  0,  6,  7,  3, -8, -6,  2,  1,  4, 3,  2, -2,  0,  7, -1, -1,  3,  5, -2, -8,  1, 1,  3,  4,  6, -1, -2,  2,  7, -7, -6,  2,  1
# addends
 0,  1,  2,  3,  4, 5
 6,  7,  8,  9, 10, 11
12, 13, 14, 15, 16, 17
18, 19, 20, 21, 22, 23
24, 25, 26, 27, 28, 29
30, 31, 32, 33, 34, 35
# sums
12, -4, 9, -2, 11, -1 
# answer:

-4,  2,  1,  0,  6,  7
 3, -8, -6,  2,  1,  4
 3,  2, -2,  0,  7, -1
-1,  3,  5, -2, -8,  1
 1,  3,  4,  6, -1, -2
 2,  7, -7, -6,  2,  1


