# values
#1, -2, 1, -1, 4, 7, 2, -1, -8, 7, 1, 6, -6, 6, -2, 0, 2, 0, -7, 4, 5, -2, -6, 1, 7, 3, 3, 2, -8, 2, 2, 1, -1, 3, 3, -4
-4,  2,  1,  0,  6,  7,  3, -8, -6,  2,  1,  4, 3,  2, -2,  0,  7, -1, -1,  3,  5, -2, -8,  1, 1,  3,  4,  6, -1, -2,  2,  7, -7, -6,  2,  1
# addends
 0,  1,  2,  3,  4, 5
 6,  7,  8,  9, 10, 11
12, 13, 14, 15, 16, 17
18, 19, 20, 21, 22, 23
24, 25, 26, 27, 28, 29
30, 31, 32, 33, 34, 35
 0,  6, 12, 18, 24, 30
 1,  7, 13, 19, 25, 31
 2,  8, 14, 20, 26, 32
 3,  9, 15, 21, 27, 33
 4, 10, 16, 22, 28, 34
 5, 11, 17, 23, 29, 35
# sums
12, -4, 9, -2, 11, -1, 4, 9, -5, 0, 7, 10
# answer:

-4,  2,  1,  0,  6,  7
 3, -8, -6,  2,  1,  4
 3,  2, -2,  0,  7, -1
-1,  3,  5, -2, -8,  1
 1,  3,  4,  6, -1, -2
 2,  7, -7, -6,  2,  1


